european region	blue prob.	 brown prob	other prob
north	0.6313029304013664	0.13001145488137458	0.23868561471725902
south	0.2501047607777402	0.16667677929326397	0.5832184599289957
ID	count:rs12913832	count:rs1800407	count:rs12896399	count:rs16891982	count:rs1393350	count:rs12203592	origin	blue prob.	brown prob.	other prob
NA06984	0	0	2	0	0	0	CEU	0.8518212213741523	0.09533306149943703	0.05284571712641069
NA06985	0	0	1	0	1	2	CEU	0.9420735124221459	0.05288307319213647	0.005043414385717655
NA06986	1	0	1	0	0	0	CEU	0.15183159783849526	0.20089291355494138	0.6472754886065635
NA06989	0	0	0	0	1	0	CEU	0.9590890490870594	0.029253052487018934	0.01165789842592168
NA06994	0	0	0	0	0	0	CEU	0.9463405381083811	0.03525482788422346	0.018404634007395393
NA07000	1	1	1	0	0	0	CEU	0.3533479157410129	0.2751876334757496	0.37146445078323753
NA07037	1	0	1	0	2	0	CEU	0.2815147586045793	0.2496811926438985	0.4688040487515222
NA07048	1	0	1	0	0	0	CEU	0.15183159783849526	0.20089291355494138	0.6472754886065635
NA07051	1	0	2	0	0	0	CEU	0.0916808343432328	0.2102533755223918	0.6980657901343754
NA07056	0	1	2	0	0	0	CEU	0.9249211344317868	0.06092895259448402	0.014149912973729174
NA07347	1	0	1	0	2	1	CEU	0.36484495311237153	0.33344318043821525	0.3017118664494132
NA07357	1	1	2	0	1	0	CEU	0.30500062657328697	0.33707782248364726	0.35792155094306577
NA10847	1	0	1	0	0	0	CEU	0.15183159783849526	0.20089291355494138	0.6472754886065635
NA10851	0	0	0	0	1	1	CEU	0.963887153370275	0.030294743842989656	0.00581810278673537
NA11829	1	0	1	0	0	0	CEU	0.15183159783849526	0.20089291355494138	0.6472754886065635
NA11830	0	0	0	0	0	0	CEU	0.9463405381083811	0.03525482788422346	0.018404634007395393
NA11831	0	0	2	0	0	0	CEU	0.8518212213741523	0.09533306149943703	0.05284571712641069
NA11832	1	0	1	0	0	0	CEU	0.15183159783849526	0.20089291355494138	0.6472754886065635
NA11840	2	0	1	0	0	1	CEU	0.003463069401626111	0.09675241628465311	0.8997845143137208
NA11843	0	0	1	0	0	1	CEU	0.9226915283135678	0.061392947876983385	0.015915523809448794
NA11881	0	0	0	0	0	0	CEU	0.9463405381083811	0.03525482788422346	0.018404634007395393
NA11892	1	1	1	0	1	0	CEU	0.4357915663209774	0.27787297092560215	0.2863354627534205
NA11893	2	1	1	0	0	0	CEU	0.0068501203744072816	0.10931856397819895	0.8838313156473938
NA11894	0	0	1	0	1	0	CEU	0.9306001717245375	0.04919685624225166	0.020202972033210878
NA11918	0	0	1	0	1	1	CEU	0.9387411278843883	0.05113860809972855	0.010120264015883104
NA11919	1	0	0	0	0	0	CEU	0.24094699796493868	0.1839339974684576	0.5751190045666037
NA11920	0	1	1	0	0	0	CEU	0.9555004004983383	0.03631515629183995	0.008184443209821764
NA11930	0	0	0	0	1	1	CEU	0.963887153370275	0.030294743842989656	0.00581810278673537
NA11931	1	0	1	0	2	1	CEU	0.36484495311237153	0.33344318043821525	0.3017118664494132
NA11932	1	0	0	0	1	0	CEU	0.32083911328184817	0.2005251735549655	0.4786357131631863
NA11933	0	0	1	0	1	1	CEU	0.9387411278843883	0.05113860809972855	0.010120264015883104
NA11992	1	0	1	0	0	1	CEU	0.22319310574747944	0.3043070856772722	0.47249980857524837
NA11994	1	0	1	0	0	0	CEU	0.15183159783849526	0.20089291355494138	0.6472754886065635
NA11995	1	0	0	0	0	0	CEU	0.24094699796493868	0.1839339974684576	0.5751190045666037
NA12003	0	0	1	0	2	0	CEU	0.9462068562979723	0.04095448013459963	0.01283866356742807
NA12004	0	0	1	0	1	0	CEU	0.9306001717245375	0.04919685624225166	0.020202972033210878
NA12005	0	0	1	0	0	0	CEU	0.9096651510639621	0.058737394360826554	0.03159745457521138
NA12006	0	0	0	0	0	0	CEU	0.9463405381083811	0.03525482788422346	0.018404634007395393
NA12043	0	0	0	0	0	0	CEU	0.9463405381083811	0.03525482788422346	0.018404634007395393
NA12044	1	0	0	0	2	0	CEU	0.40914816046337227	0.20936462329469224	0.38148721624193555
NA12045	1	0	0	0	1	0	CEU	0.32083911328184817	0.2005251735549655	0.4786357131631863
NA12046	0	0	2	0	1	0	CEU	0.8846395587757137	0.08105924311615402	0.03430119810813233
NA12058	1	0	1	0	1	1	CEU	0.2907477199787598	0.32455530384820613	0.38469697617303406
NA12144	1	0	1	0	1	0	CEU	0.21062638284952456	0.22816883665204463	0.5612047804984308
NA12154	0	0	1	0	1	0	CEU	0.9306001717245375	0.04919685624225166	0.020202972033210878
NA12155	1	0	2	0	0	1	CEU	0.13997360498436284	0.3307801214553477	0.5292462735602894
NA12156	1	0	1	0	1	0	CEU	0.21062638284952456	0.22816883665204463	0.5612047804984308
NA12234	0	0	2	0	1	1	CEU	0.8979280915617464	0.08478257081948987	0.017289337618763778
NA12249	0	0	0	0	2	0	CEU	0.968458267134707	0.024184341824747126	0.007357391040545922
NA12272	0	0	1	0	1	1	CEU	0.9387411278843883	0.05113860809972855	0.010120264015883104
NA12273	1	0	2	0	0	0	CEU	0.0916808343432328	0.2102533755223918	0.6980657901343754
NA12275	0	0	0	0	1	0	CEU	0.9590890490870594	0.029253052487018934	0.01165789842592168
NA12282	1	0	0	0	0	0	CEU	0.24094699796493868	0.1839339974684576	0.5751190045666037
NA12283	0	0	1	0	1	0	CEU	0.9306001717245375	0.04919685624225166	0.020202972033210878
NA12286	0	0	0	1	1	0	CEU	0.8988910334211311	0.06101756774147979	0.04009139883738913
NA12287	0	1	2	0	0	1	CEU	0.9298191532789952	0.06311699757043401	0.007063849150570761
NA12340	1	0	1	0	0	0	CEU	0.15183159783849526	0.20089291355494138	0.6472754886065635
NA12341	1	1	2	0	0	1	CEU	0.3009001172714723	0.4185424729756319	0.28055740975289584
NA12342	0	0	1	0	0	0	CEU	0.9096651510639621	0.058737394360826554	0.03159745457521138
NA12347	0	0	1	0	0	0	CEU	0.9096651510639621	0.058737394360826554	0.03159745457521138
NA12348	1	1	2	0	0	0	CEU	0.2365481351829281	0.3193065836923543	0.4441452811247175
NA12383	0	0	1	0	0	0	CEU	0.9096651510639621	0.058737394360826554	0.03159745457521138
NA12399	1	1	1	0	1	0	CEU	0.4357915663209774	0.27787297092560215	0.2863354627534205
NA12400	0	0	1	0	0	1	CEU	0.9226915283135678	0.061392947876983385	0.015915523809448794
NA12413	0	0	2	0	1	1	CEU	0.8979280915617464	0.08478257081948987	0.017289337618763778
NA12414	0	0	1	0	1	0	CEU	0.9306001717245375	0.04919685624225166	0.020202972033210878
NA12489	0	0	1	0	0	0	CEU	0.9096651510639621	0.058737394360826554	0.03159745457521138
NA12546	1	0	0	0	2	0	CEU	0.40914816046337227	0.20936462329469224	0.38148721624193555
NA12716	0	0	2	0	0	0	CEU	0.8518212213741523	0.09533306149943703	0.05284571712641069
NA12717	0	0	0	0	0	0	CEU	0.9463405381083811	0.03525482788422346	0.018404634007395393
NA12718	0	0	1	0	1	0	CEU	0.9306001717245375	0.04919685624225166	0.020202972033210878
NA12748	0	0	1	0	0	0	CEU	0.9096651510639621	0.058737394360826554	0.03159745457521138
NA12749	0	0	1	0	1	1	CEU	0.9387411278843883	0.05113860809972855	0.010120264015883104
NA12750	1	2	2	1	0	1	CEU	0.2727929699303842	0.4970611991245155	0.23014583094510033
NA12751	0	0	0	0	0	1	CEU	0.9541565052866147	0.036628539695979095	0.00921495501740624
NA12760	1	1	1	0	0	0	CEU	0.3533479157410129	0.2751876334757496	0.37146445078323753
NA12761	1	0	0	0	0	1	CEU	0.3364813731589658	0.26468562285677394	0.3988330039842603
NA12762	0	0	1	0	0	1	CEU	0.9226915283135678	0.061392947876983385	0.015915523809448794
NA12763	0	0	0	0	0	1	CEU	0.9541565052866147	0.036628539695979095	0.00921495501740624
NA12775	0	0	2	0	0	0	CEU	0.8518212213741523	0.09533306149943703	0.05284571712641069
NA12776	0	0	1	0	0	2	CEU	0.9283941101921298	0.06365362849302669	0.0079522613148435
NA12777	0	0	0	0	0	0	CEU	0.9463405381083811	0.03525482788422346	0.018404634007395393
NA12778	0	1	1	0	0	0	CEU	0.9555004004983383	0.03631515629183995	0.008184443209821764
NA12812	1	0	0	0	1	0	CEU	0.32083911328184817	0.2005251735549655	0.4786357131631863
NA12813	0	0	0	0	0	1	CEU	0.9541565052866147	0.036628539695979095	0.00921495501740624
NA12814	0	0	1	0	1	0	CEU	0.9306001717245375	0.04919685624225166	0.020202972033210878
NA12815	0	0	2	0	0	2	CEU	0.881728624339967	0.10478224362876958	0.01348913203126341
NA12827	1	0	2	0	0	0	CEU	0.0916808343432328	0.2102533755223918	0.6980657901343754
NA12828	1	0	2	0	0	0	CEU	0.0916808343432328	0.2102533755223918	0.6980657901343754
NA12829	0	0	1	0	0	0	CEU	0.9096651510639621	0.058737394360826554	0.03159745457521138
NA12830	1	1	0	0	1	0	CEU	0.5761168847658292	0.21194155761708539	0.21194155761708539
NA12842	0	0	1	1	1	0	CEU	0.8352028909424121	0.09826566502516565	0.06653144403242228
NA12843	0	0	0	0	1	0	CEU	0.9590890490870594	0.029253052487018934	0.01165789842592168
NA12872	1	0	1	1	0	0	CEU	0.05105345893465386	0.15033607653603856	0.7986104645293076
NA12873	2	1	0	0	0	0	CEU	0.012128890683264821	0.11167470955693579	0.8761963997597993
NA12874	0	0	1	0	0	1	CEU	0.9226915283135678	0.061392947876983385	0.015915523809448794
NA12878	0	0	0	0	2	0	CEU	0.968458267134707	0.024184341824747126	0.007357391040545922
NA12889	2	0	0	0	0	0	CEU	0.003230056979381614	0.050526592293419346	0.946243350727199
NA12890	0	0	0	0	0	1	CEU	0.9541565052866147	0.036628539695979095	0.00921495501740624
NA20502	1	1	1	0	0	1	TSI	0.4301880923737941	0.3452340307895889	0.224577876836617
NA20503	1	0	1	0	0	0	TSI	0.15183159783849526	0.20089291355494138	0.6472754886065635
NA20504	1	0	2	0	1	1	TSI	0.18875214534643617	0.3651962039182227	0.44605165073534114
NA20505	1	0	0	0	0	0	TSI	0.24094699796493868	0.1839339974684576	0.5751190045666037
NA20506	1	0	1	0	0	1	TSI	0.22319310574747944	0.3043070856772722	0.47249980857524837
NA20507	1	0	2	0	0	0	TSI	0.0916808343432328	0.2102533755223918	0.6980657901343754
NA20508	2	0	2	0	0	0	TSI	0.0010178301470251268	0.0478309564581594	0.9511512133948155
NA20509	2	0	1	2	1	0	TSI	0.00022154454862747047	0.024358196693772326	0.9754202587576002
NA20510	1	0	1	0	0	0	TSI	0.15183159783849526	0.20089291355494138	0.6472754886065635
NA20511	2	0	2	0	0	0	TSI	0.0010178301470251268	0.0478309564581594	0.9511512133948155
NA20512	1	0	2	0	1	0	TSI	0.1309512116384648	0.24587538033986547	0.6231734080216698
NA20513	1	0	2	0	1	0	TSI	0.1309512116384648	0.24587538033986547	0.6231734080216698
NA20514	2	1	1	0	1	0	TSI	0.010558965954866682	0.13796159544409278	0.8514794386010405
NA20515	2	0	1	0	0	0	TSI	0.0018137905355644782	0.04917664786846638	0.949009561595969
NA20516	2	0	2	0	0	0	TSI	0.0010178301470251268	0.0478309564581594	0.9511512133948155
NA20517	1	0	2	0	1	0	TSI	0.1309512116384648	0.24587538033986547	0.6231734080216698
NA20518	1	0	2	0	0	0	TSI	0.0916808343432328	0.2102533755223918	0.6980657901343754
NA20519	1	0	2	0	1	0	TSI	0.1309512116384648	0.24587538033986547	0.6231734080216698
NA20520	2	0	0	0	1	0	TSI	0.0050786901913760845	0.06504331236094622	0.9298779974476777
NA20521	1	0	0	0	0	0	TSI	0.24094699796493868	0.1839339974684576	0.5751190045666037
NA20522	2	0	2	0	1	1	TSI	0.0030240631192250296	0.11989319812512834	0.8770827387556467
NA20524	1	0	1	1	0	0	TSI	0.05105345893465386	0.15033607653603856	0.7986104645293076
NA20525	1	0	1	0	1	1	TSI	0.2907477199787598	0.32455530384820613	0.38469697617303406
NA20527	2	2	2	0	1	0	TSI	0.020061643510386938	0.26741712597819256	0.7125212305114205
NA20528	2	0	2	0	1	0	TSI	0.0016037656547405802	0.061704347987051114	0.9366918863582082
NA20529	2	1	2	1	1	0	TSI	0.001724501198235434	0.08691562741137271	0.9113598713903919
NA20530	1	0	1	0	1	0	TSI	0.21062638284952456	0.22816883665204463	0.5612047804984308
NA20531	1	1	1	0	1	0	TSI	0.4357915663209774	0.27787297092560215	0.2863354627534205
NA20532	1	0	1	0	0	0	TSI	0.15183159783849526	0.20089291355494138	0.6472754886065635
NA20533	0	1	2	0	1	0	TSI	0.940295655397949	0.050713611848116284	0.0089907327539347
NA20534	1	0	2	0	0	0	TSI	0.0916808343432328	0.2102533755223918	0.6980657901343754
NA20535	2	0	2	0	0	0	TSI	0.0010178301470251268	0.0478309564581594	0.9511512133948155
NA20536	2	1	0	0	0	0	TSI	0.012128890683264821	0.11167470955693579	0.8761963997597993
NA20538	2	0	1	0	0	0	TSI	0.0018137905355644782	0.04917664786846638	0.949009561595969
NA20539	1	1	0	0	1	0	TSI	0.5761168847658292	0.21194155761708539	0.21194155761708539
NA20540	0	0	2	0	1	0	TSI	0.8846395587757137	0.08105924311615402	0.03430119810813233
NA20541	2	1	2	0	1	0	TSI	0.005963979934356136	0.13506255377770918	0.8589734662879347
NA20542	2	0	1	0	1	0	TSI	0.00285542164440395	0.06338451055045279	0.9337600678051432
NA20543	1	0	2	0	0	1	TSI	0.13997360498436284	0.3307801214553477	0.5292462735602894
NA20544	1	0	1	0	1	1	TSI	0.2907477199787598	0.32455530384820613	0.38469697617303406
NA20581	1	0	1	0	0	0	TSI	0.15183159783849526	0.20089291355494138	0.6472754886065635
NA20582	1	0	2	0	0	0	TSI	0.0916808343432328	0.2102533755223918	0.6980657901343754
NA20585	0	0	1	0	1	0	TSI	0.9306001717245375	0.04919685624225166	0.020202972033210878
NA20586	0	0	1	0	1	0	TSI	0.9306001717245375	0.04919685624225166	0.020202972033210878
NA20587	2	0	1	0	1	0	TSI	0.00285542164440395	0.06338451055045279	0.9337600678051432
NA20588	1	0	0	0	0	0	TSI	0.24094699796493868	0.1839339974684576	0.5751190045666037
NA20589	1	0	2	0	1	0	TSI	0.1309512116384648	0.24587538033986547	0.6231734080216698
NA20752	1	0	0	0	0	1	TSI	0.3364813731589658	0.26468562285677394	0.3988330039842603
NA20753	2	1	2	0	2	0	TSI	0.009127550500597856	0.1692365376349413	0.8216359118644608
NA20754	2	2	0	0	1	1	TSI	0.09008045981725875	0.41186814796646093	0.4980513922162803
NA20755	1	0	2	0	1	0	TSI	0.1309512116384648	0.24587538033986547	0.6231734080216698
NA20756	0	0	1	0	1	0	TSI	0.9306001717245375	0.04919685624225166	0.020202972033210878
NA20757	1	0	2	0	1	0	TSI	0.1309512116384648	0.24587538033986547	0.6231734080216698
NA20758	0	0	1	0	1	0	TSI	0.9306001717245375	0.04919685624225166	0.020202972033210878
NA20759	0	1	1	0	0	0	TSI	0.9555004004983383	0.03631515629183995	0.008184443209821764
NA20760	2	0	1	1	1	0	TSI	0.0007998014894517954	0.03951215237716953	0.9596880461333787
NA20761	1	0	2	0	0	0	TSI	0.0916808343432328	0.2102533755223918	0.6980657901343754
NA20762	1	0	0	0	0	1	TSI	0.3364813731589658	0.26468562285677394	0.3988330039842603
NA20763	1	0	1	0	0	0	TSI	0.15183159783849526	0.20089291355494138	0.6472754886065635
NA20764	1	0	0	0	1	0	TSI	0.32083911328184817	0.2005251735549655	0.4786357131631863
NA20765	1	0	1	0	1	0	TSI	0.21062638284952456	0.22816883665204463	0.5612047804984308
NA20766	2	0	0	0	1	0	TSI	0.0050786901913760845	0.06504331236094622	0.9298779974476777
NA20767	2	1	1	0	0	1	TSI	0.012267504811816444	0.2017347833930549	0.7859977117951287
NA20768	1	0	1	0	1	0	TSI	0.21062638284952456	0.22816883665204463	0.5612047804984308
NA20769	0	0	2	0	0	0	TSI	0.8518212213741523	0.09533306149943703	0.05284571712641069
NA20770	2	0	1	0	1	0	TSI	0.00285542164440395	0.06338451055045279	0.9337600678051432
NA20771	1	0	1	0	0	0	TSI	0.15183159783849526	0.20089291355494138	0.6472754886065635
NA20772	1	0	2	0	1	0	TSI	0.1309512116384648	0.24587538033986547	0.6231734080216698
NA20773	1	0	1	0	0	0	TSI	0.15183159783849526	0.20089291355494138	0.6472754886065635
NA20774	0	0	1	0	0	1	TSI	0.9226915283135678	0.061392947876983385	0.015915523809448794
NA20775	2	1	1	0	1	0	TSI	0.010558965954866682	0.13796159544409278	0.8514794386010405
NA20778	1	0	1	0	0	0	TSI	0.15183159783849526	0.20089291355494138	0.6472754886065635
NA20783	1	0	2	0	1	0	TSI	0.1309512116384648	0.24587538033986547	0.6231734080216698
NA20785	0	0	2	0	0	0	TSI	0.8518212213741523	0.09533306149943703	0.05284571712641069
NA20786	1	1	2	0	0	0	TSI	0.2365481351829281	0.3193065836923543	0.4441452811247175
NA20787	1	0	0	1	0	2	TSI	0.20146039976722685	0.3634322273414983	0.4351073728912748
NA20790	0	0	2	0	0	0	TSI	0.8518212213741523	0.09533306149943703	0.05284571712641069
NA20792	0	0	1	0	2	0	TSI	0.9462068562979723	0.04095448013459963	0.01283866356742807
NA20795	2	0	1	1	0	0	TSI	0.0005047482167043235	0.030456652560194464	0.9690385992231012
NA20796	2	0	1	0	1	0	TSI	0.00285542164440395	0.06338451055045279	0.9337600678051432
NA20797	0	0	1	0	0	1	TSI	0.9226915283135678	0.061392947876983385	0.015915523809448794
NA20798	2	0	1	0	0	2	TSI	0.006296698163764091	0.1812768453455811	0.8124264564906548
NA20799	1	0	1	0	1	0	TSI	0.21062638284952456	0.22816883665204463	0.5612047804984308
NA20800	2	1	1	0	0	0	TSI	0.0068501203744072816	0.10931856397819895	0.8838313156473938
NA20801	2	0	2	0	1	1	TSI	0.0030240631192250296	0.11989319812512834	0.8770827387556467
NA20802	1	1	0	0	0	0	TSI	0.49069304132815383	0.22048259595950828	0.2888243627123379
NA20803	2	0	0	0	1	0	TSI	0.0050786901913760845	0.06504331236094622	0.9298779974476777
NA20804	1	1	2	0	0	0	TSI	0.2365481351829281	0.3193065836923543	0.4441452811247175
NA20805	0	0	2	0	0	0	TSI	0.8518212213741523	0.09533306149943703	0.05284571712641069
NA20806	1	0	2	0	0	0	TSI	0.0916808343432328	0.2102533755223918	0.6980657901343754
NA20807	2	0	1	0	0	0	TSI	0.0018137905355644782	0.04917664786846638	0.949009561595969
NA20808	1	0	2	0	0	1	TSI	0.13997360498436284	0.3307801214553477	0.5292462735602894
NA20809	1	0	2	0	0	0	TSI	0.0916808343432328	0.2102533755223918	0.6980657901343754
NA20810	1	0	0	0	0	0	TSI	0.24094699796493868	0.1839339974684576	0.5751190045666037
NA20811	2	0	2	0	0	1	TSI	0.001947503918183359	0.09430634858639826	0.9037461474954184
NA20812	2	1	2	0	1	0	TSI	0.005963979934356136	0.13506255377770918	0.8589734662879347
NA20813	1	0	0	0	1	0	TSI	0.32083911328184817	0.2005251735549655	0.4786357131631863
NA20814	0	0	2	0	0	0	TSI	0.8518212213741523	0.09533306149943703	0.05284571712641069
NA20815	1	0	1	0	0	0	TSI	0.15183159783849526	0.20089291355494138	0.6472754886065635
NA20818	0	0	0	0	1	0	TSI	0.9590890490870594	0.029253052487018934	0.01165789842592168
NA20819	1	0	2	0	0	0	TSI	0.0916808343432328	0.2102533755223918	0.6980657901343754
NA20821	1	0	1	0	2	0	TSI	0.2815147586045793	0.2496811926438985	0.4688040487515222
NA20822	1	0	1	0	0	0	TSI	0.15183159783849526	0.20089291355494138	0.6472754886065635
NA20826	1	0	0	0	0	0	TSI	0.24094699796493868	0.1839339974684576	0.5751190045666037
NA20827	2	0	1	0	1	0	TSI	0.00285542164440395	0.06338451055045279	0.9337600678051432
NA20828	1	0	2	0	0	0	TSI	0.0916808343432328	0.2102533755223918	0.6980657901343754
NA20832	0	0	1	0	0	0	TSI	0.9096651510639621	0.058737394360826554	0.03159745457521138
